1000 1491.4
2000 6274.8
3000 16291.8
4000 29732.8
5000 39790.8
6000 54159
7000 72250.6
8000 93453.8
9000 117793
10000 148927
11000 181484
12000 212811
13000 255481
14000 301457
15000 348912
16000 404451
17000 465523
18000 526801
19000 595015
20000 670266
21000 756768
22000 848437
23000 924919
24000 1.02142e+06
25000 1.13835e+06
26000 1.27464e+06
27000 1.38636e+06
28000 1.52115e+06
29000 1.62487e+06
30000 1.77615e+06
31000 1.9041e+06
32000 2.02532e+06
33000 2.16189e+06
34000 2.31664e+06
35000 2.48329e+06
36000 2.63922e+06
37000 2.79063e+06
38000 2.96687e+06
39000 3.08337e+06
40000 3.24417e+06
41000 3.41541e+06
42000 3.59047e+06
43000 3.79036e+06
44000 3.95881e+06
45000 4.15338e+06
46000 4.34607e+06
47000 4.60328e+06
48000 4.76133e+06
49000 4.97951e+06
50000 5.19914e+06
