1000 2117.6
2000 9041.2
3000 18641.8
4000 33792.6
5000 48511.2
6000 68824.2
7000 91494.6
8000 120417
9000 156799
10000 191948
11000 238024
12000 293318
13000 358524
14000 429798
15000 505237
16000 587983
17000 677202
18000 774670
19000 880273
20000 1.00818e+06
21000 1.14123e+06
22000 1.27975e+06
23000 1.41377e+06
24000 1.5573e+06
25000 1.71008e+06
26000 1.86984e+06
27000 2.02965e+06
28000 2.1907e+06
29000 2.35781e+06
30000 2.54918e+06
31000 2.73102e+06
32000 2.93896e+06
33000 3.13332e+06
34000 3.34171e+06
35000 3.56048e+06
36000 3.7709e+06
37000 4.00457e+06
38000 4.23959e+06
39000 4.48422e+06
40000 4.75076e+06
41000 4.99344e+06
42000 5.27078e+06
43000 5.57351e+06
44000 5.82547e+06
45000 6.11425e+06
46000 6.40868e+06
47000 6.69552e+06
48000 6.99382e+06
49000 7.29802e+06
50000 7.60669e+06
